100037258
100037278
100038347
100038433
100038486
100038496
100038554
100038563
100038597
100038631
100038668
100038693
100038700
100038724
100038732
100038739
100038833
100039355
100039359
100039440
100039495
100039542
100039888
100040140
100040491
100040493
100040557
100040580
100040602
100040792
100041093
100041191
100041197
100041273
100041332
100041337
100041655
100042036
100042150
100042194
100042416
100042548
100042784
100042791
100042846
100042866
100042875
100043020
100043168
100043232
100043341
100043424
100043609
100043674
100043681
100043692
100043724
100043752
100043820
100043843
100043882
100043893
100043902
100045469
100047482
100049710
100072
100102
100125340
100126242
100126824
100126880
100137727
100169
100169873
100177
100182
100206
100215
100216533
100233207
100294504
100303730
100306959
100313531
100313944
100316686
100316688
100316690
100316703
100316756
100316804
100379611
100415787
100416176
100416181
100416188
100416733
100417016
100417263
100417423
100417530
100417679
100418156
100418259
100418341
100462961
100462963
100499517
100502698
100502739
100502790
100502908
100503019
100503096
100503334
100503355
100503379
100503799
100503810
100503849
100504049
100504140
100504360
100504474
100504715
100504739
100526464
100526477
100526499
100526562
100532730
100579151
100628587
100628590
100628599
100628626
100628630
100675
101055680
101056010
101056691
101100
101358
102075
102182
102323
102334
102502
102545
102614
102632
103080
103220
103466
103677
103711
103737
103742
103841
103889
103988
104010
104015
104079
104082
104099
104112
104156
104175
104383
104416
104418
104444
104681
105193
105278
105513
105675
105732
105782
105787
105841
106014
106042
106143
106264
106369
106504
106952
107173
107182
107227
107239
107338
107376
107449
107476
107508
107587
107626
107746
107971
107975
108013
108068
108075
108098
108099
108147
108150
108655
108686
108767
108797
108829
108903
108937
108946
109006
109093
109136
109151
109222
109270
109284
109344
109676
109929
109934
110074
110147
110157
110175
110197
110351
110355
110379
110637
110641
110789
110821
110829
110948
110959
111970
112405
112407
11304
11307
11350
11352
11418
114229
11426
11444
114602
114713
114715
114716
114774
114896
11490
11492
11538
11541
11551
11568
11569
11603
11641
11670
116733
117150
11737
11739
11765
11769
11775
11783
11785
11799
11803
11815
11840
11842
118445
118451
11855
11858
11861
11877
11883
11886
11898
11906
11911
11923
11925
11932
11938
11974
11980
11982
11990
11993
12015
12017
12018
12028
12035
12051
12054
12055
12075
12091
12121
12125
12162
12181
12192
12227
12286
12289
12297
12300
12305
12313
12333
12345
12354
12385
12387
12395
12396
12412
12416
12417
12443
12445
12447
12448
12493
12511
12527
12550
12561
12563
12577
12579
12590
12591
12593
12609
12616
12631
12653
12702
12724
12740
12741
12768
12777
12801
12807
12808
12810
12817
12822
12858
12894
12905
12908
12928
12933
12988
13000
13002
13003
13016
13017
13026
13030
13043
13051
13131
13136
13144
13168
13200
13207
13363
13367
13385
13388
13390
13394
13423
13429
13433
13445
13478
13483
13490
13494
13495
13508
13527
13528
13543
13559
13590
13591
13593
13615
13619
13627
13631
13641
13644
13654
13655
13660
13667
13682
13685
13690
13714
13716
13723
13800
13803
13806
13821
13829
13831
13836
13838
13844
13845
13846
13855
13858
13864
13871
13876
13972
13990
14008
14009
14011
14043
140481
140486
140494
140499
14051
140559
140570
140577
14063
140721
14082
14083
14084
14085
14086
14088
14104
14106
14107
14109
14114
14158
14160
14170
14172
14182
14183
14187
14218
14221
14268
14287
14312
14368
14369
14370
14377
14388
14402
14415
14428
14432
14461
14472
14536
14538
14559
14562
14563
14571
14583
14584
14607
14609
14615
14633
14635
14645
14652
14660
14661
14678
14683
14687
14688
14712
14726
14732
14761
14765
14783
14786
14804
14807
14813
14823
14824
14827
14836
14841
14842
14843
14910
14911
14912
14924
15078
15118
15205
15223
15229
15248
15254
15258
15270
15273
15277
15331
15369
15370
15387
15400
15402
15407
15408
15410
15417
15424
15427
15429
15444
15445
15463
15487
15499
15510
15516
15528
15547
15574
15901
15903
15936
16001
16157
16195
16201
16206
16211
16324
16336
16337
16372
16399
16403
16407
16421
16440
16450
16452
16453
16468
16469
16475
16477
16478
16480
16499
16500
16511
16517
16524
16535
16564
16582
16596
16598
16648
16653
16765
16768
16772
16776
16801
16814
16825
16828
16832
16848
16880
16905
16917
16969
16974
16980
16981
17025
170439
170571
17069
170719
170729
170737
170745
170755
170758
170768
170798
170826
170833
17084
17089
17095
170952
171095
17116
17118
17120
171212
17122
17126
17127
17128
171284
171286
17135
171463
171469
171508
171567
171580
17164
17173
17174
17184
17187
17188
17207
17210
17245
17250
17293
17308
17319
17342
17346
17354
17355
17356
17425
17428
17448
17463
17691
17703
17750
17755
17765
17827
17828
17846
17859
17898
17909
17913
17920
17967
17978
17999
18000
18007
18008
18013
18014
18023
18024
18027
18028
18029
18032
18035
18041
18074
18080
18088
18102
18103
18109
18119
18120
18124
18125
18126
18128
18129
18131
18143
18181
18187
18188
18191
18193
18208
18209
18221
18222
18231
18300
18390
18391
18458
18476
18504
18507
18508
18516
18519
18530
18537
18553
18571
18574
18584
18590
18610
18637
18655
18693
18708
18712
18719
18738
18744
18746
18749
18750
18755
18759
18777
18778
18786
18793
18805
18810
18844
18854
18984
18986
18988
18991
18999
19009
19012
19024
19041
19042
19047
19054
19056
19062
19126
19157
19193
19206
19211
192119
192185
19221
192232
192285
192287
19231
19244
19246
19250
192650
192662
19268
19271
19276
192775
19289
19290
19291
19294
19296
19331
19335
19338
193385
19356
19358
19359
19376
19377
19384
19385
19386
19401
19411
194388
194401
195209
195333
19647
19650
19653
19656
19663
19664
19671
19672
19679
19684
19712
19720
19777
19894
19896
19899
19921
19934
20085
20091
20111
20116
20135
20181
20185
20218
20222
20226
20238
20257
20271
20276
20319
20347
20349
20352
20353
20357
20358
20370
20377
20382
20392
20393
20404
20405
20418
20429
20430
20440
20444
20447
20461
20466
20471
20474
20481
20482
20499
20501
20514
20530
20537
20540
20564
20589
20602
20606
20613
20616
20650
20656
20660
20667
20668
20669
20674
20678
20682
20683
20687
20689
20692
207157
207181
207278
20728
20729
20732
20741
20745
207592
207596
207667
207785
20787
207921
207952
207965
208092
208158
208177
208213
208266
20840
208449
20847
20848
208595
208768
208777
208795
20890
208922
208924
208943
209032
209039
20907
209176
209225
209239
20927
209354
209357
209446
209584
209586
20963
20964
209683
20972
20975
209760
210104
210274
210510
210973
211007
211135
211187
211329
211673
211770
212090
212111
212198
212427
212442
212508
212647
212670
212728
212772
212996
213027
213053
213054
213409
213649
21371
213783
21379
21386
213990
21401
214058
21413
214133
21414
21415
214162
21418
214189
21420
21423
214253
214359
214627
21463
214685
214968
215085
215114
215160
215280
215418
215449
215690
216028
216033
216119
216136
216148
216190
216233
216345
216395
21646
216543
21667
216724
216739
216749
21676
21677
216805
216825
21685
216850
216869
216874
216963
217030
217031
217038
217069
217082
217124
217138
217219
217328
217333
217351
217365
21750
217558
21769
217732
217864
217944
217946
218035
218194
218210
21826
21827
218271
21833
218335
21847
21849
218543
21857
218639
218699
21872
218820
21887
21888
21908
219114
21929
21938
21941
21943
21961
21969
22022
22031
22034
22036
22038
22044
22057
22059
22061
22062
22137
22174
22190
22196
22210
22214
22224
22256
22258
22271
22286
22288
22317
22319
22325
22333
22335
22341
22343
223435
223666
223693
22375
223775
22379
22384
22390
22401
224023
22404
22409
224093
22411
224129
224139
22419
22420
22422
224432
224617
224656
224671
224836
224860
225160
225182
225288
225326
225655
225659
225724
225742
225791
225876
225888
225908
226075
226101
226144
226169
226180
22627
22631
22632
226351
226352
22637
226412
226432
22666
226830
226861
22690
226976
226977
226999
22702
22722
227292
227298
227327
227377
227399
227541
227615
227656
227695
22773
22774
227923
228026
228061
228714
228770
228787
228790
228807
228836
228839
228859
228866
228880
228913
228966
228994
229473
229474
229541
229595
229615
229725
229776
229862
230119
230126
230233
230234
230259
230379
230590
230649
230678
230734
230770
230775
230793
230806
230809
230837
230861
230868
230895
230917
230935
230959
231327
231413
231470
231580
231605
231659
231798
231803
231821
231834
231861
231868
231991
232077
232196
232210
232286
232288
232334
232441
232533
232560
232816
232836
232878
232879
232946
232969
233103
233246
233276
233887
233890
233904
233905
233977
234076
234373
234582
234695
234728
234729
234734
234776
234779
234788
234797
234814
234825
234839
234847
234857
235041
235044
235132
235134
235184
235323
235339
235406
235469
235497
235505
235534
235542
235623
235631
235661
236293
236511
237339
237353
237422
237759
237868
23790
237926
237928
237943
238252
238317
238330
23844
23856
238799
23882
23885
23886
238871
239027
239102
239114
23917
239188
239273
23938
23942
23945
239528
239554
239555
23959
23966
239719
239760
239789
23999
240055
240058
24015
240261
240444
240660
240672
240675
240725
240776
240817
24082
24083
240843
24087
240899
241062
241118
241296
241324
24136
241520
241576
241589
241694
242022
242377
242481
242509
242553
242653
242667
242721
242785
242800
242819
242860
242864
242915
243312
243328
243373
243538
243547
243621
243743
243771
243819
243846
243866
243910
243937
244058
244144
244216
244219
244310
244329
244349
244416
244418
244650
244745
244923
245020
245841
245877
245886
246048
246104
246198
246782
252837
252838
252870
252876
257962
258219
258469
26356
26379
26380
26382
26384
26386
26396
26400
26404
264064
26419
26420
26422
26424
26448
26457
26558
26564
26569
266781
268301
268373
268417
268448
268449
268451
268469
268470
268510
268780
268812
268816
26889
268903
268934
26894
268970
269037
269060
269113
26913
26914
269198
26921
26922
269254
269356
269424
26949
269608
269614
269623
269630
269637
269642
269643
26965
269695
269774
269800
26987
270035
270058
270096
270118
270163
270190
270201
27041
27045
27058
270685
271278
271305
272009
272027
27205
27223
272636
27277
27355
27364
27366
27373
27375
27388
27393
27410
27414
27416
27426
27428
276829
276919
276952
277250
277978
279056
27981
27999
280621
28193
29812
29856
29869
29875
30046
30060
30785
30841
30927
30934
30935
30951
30953
317652
319208
319263
319371
319468
319478
319520
319565
319582
319586
319604
319616
319618
319636
319734
319750
319758
319765
319865
319885
319922
319939
319965
319974
319998
320007
320099
320100
320158
320162
320187
320202
320203
320226
320262
320453
320456
320474
320478
320486
320502
320508
320516
320557
320560
320662
320685
320701
320709
320727
320790
320799
320808
320817
320938
320946
320952
320966
320982
327824
327826
327900
327942
328235
328287
328365
328949
328977
329152
329154
329165
329178
329470
329727
329908
330401
330409
330671
330814
330863
330914
330953
331004
331461
331623
332221
333050
338364
338365
338417
347722
352968
353155
353211
353242
360013
380669
380684
380702
380711
380714
380753
380768
380912
381022
381155
381157
381201
381318
381413
381481
381591
381667
381668
381678
381694
381801
381813
381990
382014
382018
382034
382038
382056
382066
383080
383348
383490
383538
384569
384619
384862
387171
387188
387219
387314
387524
396184
399510
399568
399588
399603
402728
403187
404239
407790
407821
414094
432502
432577
432763
432798
432870
433202
433256
433323
433415
433423
433456
433485
433586
433702
433716
433751
433813
433868
433923
433940
433944
434128
434225
434280
434285
434394
434423
435684
435784
436090
442796
442849
445267
503692
504193
50498
50523
50720
50758
50764
50772
50781
50785
50786
50788
50793
50794
50798
50868
50878
50932
50995
50997
51799
51810
51813
51869
51886
52028
52118
52202
52357
52430
52432
52468
52626
52639
52670
52717
52815
52840
52850
52897
52915
53313
53321
53325
53330
53414
53416
53424
53602
53611
53618
53619
53625
53626
53761
53860
53867
54126
54127
54152
54153
54169
54170
54214
54218
54338
54343
54371
54376
54383
54387
54391
54418
54446
544810
54484
54485
545276
545536
54563
545893
546005
54608
54631
54650
546663
546726
54723
550619
55927
55935
55950
55963
56077
56079
56085
56086
56088
56150
56190
56200
56207
56209
56210
56224
56226
56275
56282
56289
56305
56315
56323
56330
56332
56353
56376
56409
56453
56458
56459
56464
56527
56535
56632
56643
56709
56716
56741
56748
56773
56794
56802
56847
57138
57259
57266
57274
574403
57443
57753
57776
57783
57895
57905
57914
58172
58180
58198
58208
58212
58213
58220
58235
58245
58800
58864
58865
58887
58996
59009
59013
59027
59035
59040
59043
59044
59126
59290
606546
619301
619808
621427
621832
622129
622655
622921
623647
623796
624866
625249
625403
625638
625646
625796
626231
626596
627821
627828
628813
629957
631359
636791
636931
638532
63872
639281
63954
63955
639606
639653
64010
640524
640703
64075
64085
64143
64144
64242
64297
64337
64378
64656
64704
64706
65107
654462
654823
65960
65970
66011
66044
66084
66089
66094
66117
66162
66171
66190
66248
66259
66260
66262
66270
66333
66359
66366
66379
66384
66406
66420
66422
66433
66446
66456
66460
66462
664805
66482
66498
665180
66523
66538
66552
665635
66566
665868
665947
665953
666060
666173
66642
666528
66659
66660
66665
666840
667014
66713
66727
66743
667443
66757
66769
66771
667768
667779
667826
667876
66793
66801
668192
668303
66840
66847
66854
66855
668578
66860
66880
66898
66929
66934
66961
66964
66965
66993
67015
67027
67035
67037
67046
67054
67067
67080
67102
67120
67122
67128
67149
67150
67154
67158
67166
67197
67201
67217
67220
67245
67273
672763
67279
67292
67299
67300
67305
67313
67350
67351
67367
67374
67393
67394
67412
674202
674251
67434
67487
67525
67543
67553
67556
67587
67603
67623
67641
67655
67695
67703
67705
67748
67778
67840
67846
67848
67851
67870
67914
67916
67917
67938
67956
67974
67976
67981
67991
67996
67997
68001
68015
68020
68023
68028
68034
68047
68066
68092
68097
68098
68121
68142
68153
68166
68191
68203
68205
68231
68233
68235
68248
68304
68337
68379
68421
68427
68465
68473
68498
68514
68521
68550
68572
68585
68614
68617
68652
68666
68703
68718
68730
68731
68734
68738
68789
68801
68837
68845
68910
68911
68920
68922
68938
68941
68955
68969
68972
68986
68992
68999
69035
69065
69066
69080
69090
69104
69120
69125
69131
69134
69163
69185
69207
69219
69221
69237
69276
69303
69310
69351
69368
69376
69440
69441
69517
69528
69546
69550
69551
69554
69601
69625
69634
69642
69662
69674
69678
69683
69698
69718
69731
69743
69747
69748
69754
69806
69808
69818
69823
69826
69863
69882
69890
69894
69900
69903
69912
69917
69934
69957
69961
69993
70000
70003
70021
70093
70118
70127
70129
70134
70160
70207
70209
70231
70239
70248
70258
70296
70300
70348
70350
70369
70377
70397
70533
70546
70591
70626
70699
70726
70727
70744
70790
70797
70804
70861
70925
70945
70951
70971
70986
70997
71004
71054
71059
71063
71069
71101
71137
71146
71198
71203
71213
71268
71279
71302
71304
71310
71340
71371
71375
71382
71435
71436
71452
71517
71519
71520
71521
71529
71612
71657
71738
71770
71779
71780
71787
71793
71795
71804
71820
71836
71838
71901
71919
71950
71994
71997
72022
72029
72046
72055
72068
72137
72148
72169
72190
72193
72225
72244
72289
72301
72309
72326
72341
72344
723815
723895
723904
723906
72392
723924
723966
72401
72415
72446
72462
72469
72514
72535
72572
72599
72607
72628
72640
72661
72667
72672
72685
72754
72787
72795
72805
72823
72831
72832
72895
72899
72948
72962
72993
73121
73122
73174
73192
73230
73260
73299
73301
73317
73340
73389
73419
73420
73456
73469
735288
73569
73598
73699
73710
73744
73792
73806
73836
73928
73937
73945
73991
74004
74007
74008
74012
74019
74026
74035
74059
74088
74096
74100
74108
74121
74123
74125
74133
74136
74143
74148
74164
74173
74182
74202
74205
74206
74218
74269
74284
74296
74302
74319
74343
74356
74386
74393
74400
74424
74440
74442
74476
74479
74480
74487
74504
74513
74533
74559
74596
74721
74747
74753
74763
74781
74846
74901
74996
75062
75079
751542
75163
751865
75212
75273
75288
75304
75320
75368
75379
75420
75426
75465
75482
75528
75552
75560
75578
75602
75622
75698
75705
75717
75747
75764
75796
75823
75828
75836
75901
75953
75956
75957
75991
76024
76025
76100
76137
76265
76306
76376
76429
76479
76508
76568
76572
76626
76639
76679
76775
76792
76794
76795
76797
76798
76800
76804
76813
76816
76829
76884
76899
76900
76901
76947
76952
76954
76980
77015
77017
77031
77090
77097
77113
77116
77323
77485
77516
77522
77573
77579
77618
77630
77683
77739
77805
77891
77940
77998
78060
78068
78082
78286
78334
78403
78460
78473
78616
78634
78653
78658
78670
78762
78783
78797
78834
78883
78887
78893
78899
78903
78912
78935
791073
791077
791299
791303
791306
791362
791368
791407
79233
79264
79362
79455
80283
80284
80297
80515
80517
80721
80751
80880
80889
80905
80910
80979
81000
81004
81879
83383
83395
83396
83397
83436
83767
83770
83797
84036
84094
84113
84653
85030
85031
93670
93679
93689
93696
93703
93736
93742
93757
93760
93840
93871
93898
94040
94089
94176
94187
94214
94217
94222
94230
96990
97064
97484
97761
98238
98267
98404
98432
98488
98496
98558
98660
98732
98733
98910
98952
98956
99003
99311
99371
99526
99633
99929
